"","Донцова 2002 Букет прекрасных дам","Донцова 1999 Дама с коготками","Донцова 2008 Инь, янь и всякая дрянь","Донцова 2012 Клеопатра с парашютом","Донцова 2001 Созвездие жадных псов","Донцова 2003 Микстура от косоглазия","Донцова 2000 Бассейн с крокодилами","Донцова 2000 Спят усталые игрушки","Донцова 2005 Муха в самолёте","Донцова 2006 Безумная кепка Мономаха","Донцова 2007 Зимнее лето весны","Донцова 2017 Астральное тело холостяка","Донцова 2009 Император деревни Гадюкино","Донцова 2010 Страстная ночь в зоопарке","Донцова 2022 Бегемот под майонезом","Донцова 2015 Шуры муры с призраком","Донцова 2011 Тормоза для блудного мужа","Донцова 2019 Бинокль для всевидящего ока","Донцова 2014 Самовар с шампанским","Донцова 2019 Гиблое место в ипотеку","Маринина 2013 Оборванные нити. Том 3","Маринина 2007 Всё не так","Маринина 1995 Смерть ради смерти","Маринина 2000 Седьмая жертва","Маринина 2021 Отдалённые последствия. Том 1","Полякова 2008 Испанская легенда","Полякова 1999 Капкан на спонсора","Полякова 2001 Неопознанный ходячий объект","Полякова 2020 Четыре всадника раздора","Полякова 2012 Я смотрю на тебя издали","Трауб 2012 Замочная скважина","Трауб 2010 Плохая мать","Трауб 2021 Посмотри на меня","Трауб 2016 Продаётся дом с дедушкой","Трауб 2006 Собирайся, мы уезжаем","Устинова 2003 Близкие люди","Устинова 2021 Девчонки, я приехал","Устинова 2008 Жизнь, по слухам, одна!","Устинова 2012 Один день, одна ночь","Устинова 1999 Персональный ангел"
"Донцова 2002 Букет прекрасных дам",0,0.682344581653782,0.588124666637194,0.75435318573761,0.597648905110569,0.531890657685755,0.686852733653443,0.628489385633151,0.557179103835481,0.681739084966053,0.676336325890833,0.682869759988872,0.744276074638256,0.838999147309248,0.901293194747247,0.823159319416964,0.888039533453227,0.871239492753918,0.804316764253718,0.850186113396699,1.22699704861387,1.35820529183399,1.13860475783993,1.12252874855935,1.17126943165921,1.30860053958669,1.10475184765143,1.26820922967935,1.18183989934256,1.12517648842775,1.29512073132891,1.22014129628521,1.43840674872611,1.39863353532567,1.19971479814301,1.27971737867565,1.14838168424801,1.3053393323002,1.26376605436633,1.31296106375704
"Донцова 1999 Дама с коготками",0.682344581653782,0,0.789124021195238,0.84969796128164,0.625909372833242,0.830571998038499,0.522215884506088,0.526488948274228,0.827909125848571,0.789129365628036,0.8812465074079,0.835796280473152,0.782775979896014,0.895174152282391,1.04497281022912,0.990073328386943,1.00253844079165,1.04351192305149,0.979041073035573,1.03764937597565,1.36048155396488,1.58334490782397,1.3453628633678,1.2444659268652,1.24566796733995,1.32515412536824,1.16051212801486,1.19039750527275,1.41680493216837,1.17109298734714,1.35991259367369,1.30848058683898,1.50073502444127,1.53374634438889,1.21403690795693,1.40915133655531,1.1520057118367,1.52592603718329,1.38890850202059,1.42198638726327
"Донцова 2008 Инь, янь и всякая дрянь",0.588124666637194,0.789124021195238,0,0.530155122446149,0.710115039657032,0.603455760711704,0.759830761138873,0.680476192422501,0.528898848600443,0.531480611922426,0.47273792074669,0.596946732138661,0.506233791281699,0.533270777364701,0.803345366818828,0.621903316704672,0.649410744149222,0.644542410346128,0.621288184405963,0.6953877503402,1.1822255343588,1.39257246660694,1.09805227837616,1.06133368888056,1.06151163436359,1.26383817289682,0.987095228911099,1.1072929285975,1.09900311942027,1.01370709869431,1.34786303297882,1.20655035949939,1.47206197434379,1.34992308666061,1.19087671923354,1.37748205976602,1.15699707911941,1.50232651179497,1.2914710126274,1.34978293072754
"Донцова 2012 Клеопатра с парашютом",0.75435318573761,0.84969796128164,0.530155122446149,0,0.781704818384537,0.727024882816478,0.893991550316554,0.807943650936503,0.6388502649554,0.678706819856923,0.610047498268139,0.685044406381421,0.482379190033098,0.480227038844347,0.74922024527234,0.651037630308071,0.540691307398543,0.717462219862643,0.514830501329552,0.725184888560164,1.23528219201607,1.31255217665679,1.1705181008001,1.08086625147958,1.17553450724481,1.29438108826462,1.0810243986782,1.22407071471072,1.1933379236711,0.996998219038826,1.27055805351258,1.13586860150548,1.39439073012318,1.42113113328873,1.20384977130988,1.3156831646451,1.19831772404713,1.43137586041006,1.30028898407391,1.24355250425858
"Донцова 2001 Созвездие жадных псов",0.597648905110569,0.625909372833242,0.710115039657032,0.781704818384537,0,0.632815398048139,0.596854934608427,0.56626322018244,0.623381873708739,0.591712436288638,0.670093414003373,0.759570595963954,0.73466574794399,0.827676865038778,0.96204377396554,0.851816952051103,0.927380237275879,0.888501405949008,0.829864231790015,0.924464492603072,1.22213909896141,1.41631399789371,1.26025524301857,1.16493854720364,1.12933609679934,1.28986928623517,1.06231521690503,1.09359217680283,1.25769905074543,1.06456707887992,1.33804270692415,1.18760394335535,1.46796314744039,1.38878730501899,1.19713908619765,1.25241176725039,1.08230448861712,1.31817816275267,1.20703164593657,1.3529029231835
"Донцова 2003 Микстура от косоглазия",0.531890657685755,0.830571998038499,0.603455760711704,0.727024882816478,0.632815398048139,0,0.827252929516224,0.790172707745146,0.500879343349294,0.608930611194027,0.637744411038987,0.797872046697757,0.833397068255137,0.873234438104306,1.00056297241155,0.862553235190728,0.864624778628056,0.823127351495265,0.841358903605623,0.854226043183089,1.30089516633939,1.33414180247987,1.19778238342583,1.18265180351479,1.22932134456858,1.3484235949458,1.05661231125677,1.19265431669072,1.13480414853505,1.09426707912467,1.32055922304842,1.17550104729123,1.52227144119267,1.44668121459292,1.27356055648903,1.33645248766021,1.24680068591363,1.39503644042794,1.2199396697483,1.35911011152342
"Донцова 2000 Бассейн с крокодилами",0.686852733653443,0.522215884506088,0.759830761138873,0.893991550316554,0.596854934608427,0.827252929516224,0,0.446941460533536,0.807259239700659,0.723746443029538,0.827765734235628,0.863088965003874,0.798435261185881,0.881151266374525,1.07483350077675,1.01779096354364,1.03077866884438,0.991931572310062,0.994351811045519,1.02992624456237,1.26554856561437,1.51166380507395,1.35430732025181,1.20245806705155,1.18687833755779,1.38841798882419,1.1676480628368,1.167653462795,1.36375084812585,1.18474521499617,1.33862754893897,1.24823367048692,1.51251266988694,1.46717945061452,1.23252287512355,1.41960243979703,1.13043698933033,1.43579944629396,1.31677544910081,1.40693871082226
"Донцова 2000 Спят усталые игрушки",0.628489385633151,0.526488948274228,0.680476192422501,0.807943650936503,0.56626322018244,0.790172707745146,0.446941460533536,0,0.739354351140688,0.640739691281323,0.764493768918631,0.881198379273986,0.74836098935436,0.855689255691766,1.01449139420718,1.00999927417618,0.942644568387871,0.980446024664811,0.947143465271694,1.0791688365188,1.22937290132317,1.51425383929163,1.31307257181695,1.15150434458878,1.137954268715,1.42845270574879,1.12939990564246,1.20103358259394,1.34573906226433,1.15194757781074,1.3375902050584,1.24428960324264,1.45563140711306,1.40725936438937,1.27197138996462,1.3246841884135,1.09637348799436,1.43277052744426,1.25464624576481,1.39111825657301
"Донцова 2005 Муха в самолёте",0.557179103835481,0.827909125848571,0.528898848600443,0.6388502649554,0.623381873708739,0.500879343349294,0.807259239700659,0.739354351140688,0,0.550438363648315,0.495189394830824,0.759847309692556,0.628891719737897,0.637651825781453,0.862416495047214,0.771295860688388,0.812603942626771,0.823643413582126,0.73166842301127,0.865774236612101,1.20562178707904,1.35205509842467,1.16851949876312,1.09831577276155,1.16783930685895,1.22353062688924,0.987421264990182,1.19572298230863,1.21373846703569,1.0644558176743,1.28499568608472,1.16294881742402,1.39239602084801,1.30575818835496,1.22930492020691,1.31524033665055,1.11926961257192,1.41142502836847,1.2716902563748,1.28246701486025
"Донцова 2006 Безумная кепка Мономаха",0.681739084966053,0.789129365628036,0.531480611922426,0.678706819856923,0.591712436288638,0.608930611194027,0.723746443029538,0.640739691281323,0.550438363648315,0,0.597504116925992,0.766090480672841,0.717922326037933,0.715530343771718,0.919671768121407,0.822873927679125,0.82564997053102,0.837085624480187,0.817072357339724,0.84853584632939,1.16913181318102,1.38515860830781,1.25172162233316,1.11239588083577,1.06083166835452,1.22571717606557,1.04378444318124,1.12982365428203,1.21178599176493,0.998570758903259,1.32911131979138,1.26124371773792,1.46456890782959,1.28125193301512,1.22109365080152,1.37982516605865,1.15626447087397,1.36417972544321,1.27584253966311,1.34201754084728
"Донцова 2007 Зимнее лето весны",0.676336325890833,0.8812465074079,0.47273792074669,0.610047498268139,0.670093414003373,0.637744411038987,0.827765734235628,0.764493768918631,0.495189394830824,0.597504116925992,0,0.730600584626817,0.612713056058472,0.579916071576234,0.825740821386115,0.720756409691966,0.763589864637164,0.815648260409885,0.700873270720249,0.834632179779916,1.21549708616614,1.4221080781451,1.2244305694242,1.15839391951192,1.1583140900796,1.27246372137886,1.05560958147625,1.22216099835259,1.19841156060466,1.08458960518435,1.39158314246261,1.17927661109772,1.48889265951717,1.29582478126364,1.1963563978553,1.38352627580104,1.14145801385679,1.44875261661919,1.37122838407326,1.39934030331552
"Донцова 2017 Астральное тело холостяка",0.682869759988872,0.835796280473152,0.596946732138661,0.685044406381421,0.759570595963954,0.797872046697757,0.863088965003874,0.881198379273986,0.759847309692556,0.766090480672841,0.730600584626817,0,0.68258713110839,0.728548120273243,0.605749100977523,0.517136311288703,0.697150739157831,0.583562310870377,0.580932075930126,0.550490739057287,1.1586888362638,1.47749774182718,1.08479908853808,1.11276919564955,1.19136278056854,1.18119115033914,1.06475027831319,1.21240931575565,1.06137135567996,1.05642611626325,1.36631250978208,1.17134367576761,1.48385850797524,1.48345485417764,1.21093180784251,1.38338384876028,1.0924076040061,1.46988713120708,1.2655448970797,1.34609949530229
"Донцова 2009 Император деревни Гадюкино",0.744276074638256,0.782775979896014,0.506233791281699,0.482379190033098,0.73466574794399,0.833397068255137,0.798435261185881,0.74836098935436,0.628891719737897,0.717922326037933,0.612713056058472,0.68258713110839,0,0.447486434174067,0.771860696530811,0.62064403510614,0.58778141991855,0.69190712434228,0.559870225861994,0.787499516241271,1.18519293404071,1.50272323375113,1.19519267090679,1.1439881386016,1.14527117397492,1.27972157334911,1.08252949055954,1.16419743187302,1.27536441664532,1.01303638227817,1.30721933836623,1.21485960553446,1.42255108286944,1.48562295509654,1.23856870670396,1.3803834134184,1.14924877386881,1.57802643914495,1.38601409195183,1.26523205117464
"Донцова 2010 Страстная ночь в зоопарке",0.838999147309248,0.895174152282391,0.533270777364701,0.480227038844347,0.827676865038778,0.873234438104306,0.881151266374525,0.855689255691766,0.637651825781453,0.715530343771718,0.579916071576234,0.728548120273243,0.447486434174067,0,0.725652740312717,0.613908754564335,0.58426922255492,0.68704699104227,0.536271821282429,0.733162381678315,1.23489832216404,1.4822553495342,1.20202624687084,1.14470157871194,1.19682913535683,1.30004744305136,1.12781533566677,1.25998111958023,1.24054019564723,1.07309885395268,1.27536215024447,1.14820632861047,1.43569072845542,1.42237823347246,1.20453911398404,1.36450335424057,1.17537559823963,1.51451360130138,1.38218770168413,1.27614484012125
"Донцова 2022 Бегемот под майонезом",0.901293194747247,1.04497281022912,0.803345366818828,0.74922024527234,0.96204377396554,1.00056297241155,1.07483350077675,1.01449139420718,0.862416495047214,0.919671768121407,0.825740821386115,0.605749100977523,0.771860696530811,0.725652740312717,0,0.579871573484267,0.777982637826571,0.633386912286796,0.619818534858656,0.586380960735974,1.15124971582532,1.42489709985436,1.16468534802787,1.18724729171544,1.27795525804279,1.28621465669096,1.16711490560162,1.38610659476584,1.20115899853244,1.16699095972346,1.48641185944991,1.29178364219346,1.50633193111379,1.59728336259826,1.42079073733708,1.45436511884701,1.25450049258718,1.6101005041883,1.48170579741083,1.40884692553925
"Донцова 2015 Шуры муры с призраком",0.823159319416964,0.990073328386943,0.621903316704672,0.651037630308071,0.851816952051103,0.862553235190728,1.01779096354364,1.00999927417618,0.771295860688388,0.822873927679125,0.720756409691966,0.517136311288703,0.62064403510614,0.613908754564335,0.579871573484267,0,0.588155210803926,0.5212195348337,0.452367852827513,0.537087366614835,1.20697456674534,1.52209517771445,1.09664622088339,1.17756977359709,1.26739077375836,1.37680192784396,1.22238914335909,1.24081657568917,1.1840781549843,1.15580736480211,1.36257789549311,1.16130395333956,1.53127340590687,1.42632338293251,1.3148177617719,1.39652840902495,1.19828071648444,1.52413739124204,1.36361330771785,1.36008353210955
"Донцова 2011 Тормоза для блудного мужа",0.888039533453227,1.00253844079165,0.649410744149222,0.540691307398543,0.927380237275879,0.864624778628056,1.03077866884438,0.942644568387871,0.812603942626771,0.82564997053102,0.763589864637164,0.697150739157831,0.58778141991855,0.58426922255492,0.777982637826571,0.588155210803926,0,0.766147794041077,0.510704675202424,0.638082344617731,1.34527521319581,1.53333032969402,1.27164915081081,1.25988503050942,1.35474379253024,1.4671382604498,1.2757949631575,1.37371762912246,1.18463798152853,1.18239354477889,1.2971802903078,1.16732029907278,1.55076274019331,1.63737928689761,1.26786649742384,1.47538769414432,1.31310633074659,1.62559928862529,1.43606814967647,1.39220247838155
"Донцова 2019 Бинокль для всевидящего ока",0.871239492753918,1.04351192305149,0.644542410346128,0.717462219862643,0.888501405949008,0.823127351495265,0.991931572310062,0.980446024664811,0.823643413582126,0.837085624480187,0.815648260409885,0.583562310870377,0.69190712434228,0.68704699104227,0.633386912286796,0.5212195348337,0.766147794041077,0,0.562875391433426,0.542059145985559,1.2093451387121,1.47642515426909,1.11352105377077,1.14810013868953,1.21618139318291,1.39937908438848,1.16486725541023,1.18655739405559,1.15005557004093,1.07297338670825,1.37519503103114,1.23873312705735,1.53864880238959,1.51982563932123,1.30058528255432,1.41065190684682,1.19932656624096,1.49290920886776,1.31453781250866,1.3622046306736
"Донцова 2014 Самовар с шампанским",0.804316764253718,0.979041073035573,0.621288184405963,0.514830501329552,0.829864231790015,0.841358903605623,0.994351811045519,0.947143465271694,0.73166842301127,0.817072357339724,0.700873270720249,0.580932075930126,0.559870225861994,0.536271821282429,0.619818534858656,0.452367852827513,0.510704675202424,0.562875391433426,0,0.549859535838843,1.23255805711189,1.47851916638944,1.12218720551328,1.18530026697797,1.25232012356454,1.34620545836206,1.16642119690311,1.25620228173549,1.15618521339424,1.08366289743239,1.32963903422514,1.18904594557686,1.46778403019283,1.51590406877976,1.28071217496474,1.36315341251344,1.20134705879008,1.52664872049551,1.32925829294762,1.29136425829655
"Донцова 2019 Гиблое место в ипотеку",0.850186113396699,1.03764937597565,0.6953877503402,0.725184888560164,0.924464492603072,0.854226043183089,1.02992624456237,1.0791688365188,0.865774236612101,0.84853584632939,0.834632179779916,0.550490739057287,0.787499516241271,0.733162381678315,0.586380960735974,0.537087366614835,0.638082344617731,0.542059145985559,0.549859535838843,0,1.23753420219891,1.4157862342626,1.11816723069714,1.09564323615752,1.22621618532317,1.29439491593322,1.14815304470063,1.24627047187104,1.03188611719236,1.08962673227213,1.32491710337221,1.0971586087081,1.48124887256981,1.48086921617949,1.19360771528344,1.38875495298722,1.20634883975575,1.45320077103925,1.27000132167569,1.28200092378476
"Маринина 2013 Оборванные нити. Том 3",1.22699704861387,1.36048155396488,1.1822255343588,1.23528219201607,1.22213909896141,1.30089516633939,1.26554856561437,1.22937290132317,1.20562178707904,1.16913181318102,1.21549708616614,1.1586888362638,1.18519293404071,1.23489832216404,1.15124971582532,1.20697456674534,1.34527521319581,1.2093451387121,1.23255805711189,1.23753420219891,0,0.91125222795049,0.672110836187318,0.649849255666949,0.620459466373432,1.19994530437767,1.08269071503112,1.23129044974156,1.1010304773396,1.06592029218052,1.09496130078,1.18611035434768,1.14456849985951,1.12328868143858,1.35419871328505,1.00073474849237,1.20520167048626,1.10357327518457,1.08710052043741,1.03143786469751
"Маринина 2007 Всё не так",1.35820529183399,1.58334490782397,1.39257246660694,1.31255217665679,1.41631399789371,1.33414180247987,1.51166380507395,1.51425383929163,1.35205509842467,1.38515860830781,1.4221080781451,1.47749774182718,1.50272323375113,1.4822553495342,1.42489709985436,1.52209517771445,1.53333032969402,1.47642515426909,1.47851916638944,1.4157862342626,0.91125222795049,0,1.04785518479948,0.814329883073938,0.879641863595076,1.21049718306525,1.20957823933177,1.42374003221714,1.23776543645552,1.2580286928134,1.22411995880522,1.15514812323484,1.21275006903943,1.31373070707634,1.50251966389215,1.23528696751967,1.60840323195623,1.15507806111938,1.20190159426532,1.2130337992843
"Маринина 1995 Смерть ради смерти",1.13860475783993,1.3453628633678,1.09805227837616,1.1705181008001,1.26025524301857,1.19778238342583,1.35430732025181,1.31307257181695,1.16851949876312,1.25172162233316,1.2244305694242,1.08479908853808,1.19519267090679,1.20202624687084,1.16468534802787,1.09664622088339,1.27164915081081,1.11352105377077,1.12218720551328,1.11816723069714,0.672110836187318,1.04785518479948,0,0.601703276810659,0.770251717545705,1.16282322466396,1.12823620224345,1.28482362047325,1.00987434223257,1.01750902178354,1.08847617883929,1.12338274502745,1.15469750104279,1.19761742315512,1.27587185230174,0.943437177067528,1.2169742005382,1.13429225895402,1.07826183746441,0.89327493846508
"Маринина 2000 Седьмая жертва",1.12252874855935,1.2444659268652,1.06133368888056,1.08086625147958,1.16493854720364,1.18265180351479,1.20245806705155,1.15150434458878,1.09831577276155,1.11239588083577,1.15839391951192,1.11276919564955,1.1439881386016,1.14470157871194,1.18724729171544,1.17756977359709,1.25988503050942,1.14810013868953,1.18530026697797,1.09564323615752,0.649849255666949,0.814329883073938,0.601703276810659,0,0.615916242609409,1.01277167770835,0.945477870029573,1.16312539028479,0.940624189211735,0.885538695940955,1.06073509522191,1.00959835772513,1.06432975008579,1.09158575051335,1.23583175477756,0.968880852542673,1.15638055413502,1.01684354807072,1.0297815646841,0.931690035820771
"Маринина 2021 Отдалённые последствия. Том 1",1.17126943165921,1.24566796733995,1.06151163436359,1.17553450724481,1.12933609679934,1.22932134456858,1.18687833755779,1.137954268715,1.16783930685895,1.06083166835452,1.1583140900796,1.19136278056854,1.14527117397492,1.19682913535683,1.27795525804279,1.26739077375836,1.35474379253024,1.21618139318291,1.25232012356454,1.22621618532317,0.620459466373432,0.879641863595076,0.770251717545705,0.615916242609409,0,1.13923529349359,1.0495981342952,1.11013107995361,1.06278219417784,0.90497975758889,1.10358787984044,1.20067864231928,1.18014062738376,1.15434089331758,1.30887385947417,1.06639362172325,1.20778716155339,1.20890783579472,1.08200464937396,1.03530217317758
"Полякова 2008 Испанская легенда",1.30860053958669,1.32515412536824,1.26383817289682,1.29438108826462,1.28986928623517,1.3484235949458,1.38841798882419,1.42845270574879,1.22353062688924,1.22571717606557,1.27246372137886,1.18119115033914,1.27972157334911,1.30004744305136,1.28621465669096,1.37680192784396,1.4671382604498,1.39937908438848,1.34620545836206,1.29439491593322,1.19994530437767,1.21049718306525,1.16282322466396,1.01277167770835,1.13923529349359,0,0.856745490425092,1.13336091623284,0.888844793677323,0.826787803219922,1.52670628531599,1.26669565685678,1.33165553512104,1.47630461703719,1.34468010988371,1.20715601086864,1.38704716633512,1.33041040494787,1.41254246129878,1.21330318841501
"Полякова 1999 Капкан на спонсора",1.10475184765143,1.16051212801486,0.987095228911099,1.0810243986782,1.06231521690503,1.05661231125677,1.1676480628368,1.12939990564246,0.987421264990182,1.04378444318124,1.05560958147625,1.06475027831319,1.08252949055954,1.12781533566677,1.16711490560162,1.22238914335909,1.2757949631575,1.16486725541023,1.16642119690311,1.14815304470063,1.08269071503112,1.20957823933177,1.12823620224345,0.945477870029573,1.0495981342952,0.856745490425092,0,0.655457412212879,0.85039908325704,0.699359241458658,1.48181354854854,1.28647293572019,1.51213954754337,1.3671515933202,1.4078511943502,1.34414933877869,1.19791491563512,1.38460874943305,1.29222091758724,1.32286406357302
"Полякова 2001 Неопознанный ходячий объект",1.26820922967935,1.19039750527275,1.1072929285975,1.22407071471072,1.09359217680283,1.19265431669072,1.167653462795,1.20103358259394,1.19572298230863,1.12982365428203,1.22216099835259,1.21240931575565,1.16419743187302,1.25998111958023,1.38610659476584,1.24081657568917,1.37371762912246,1.18655739405559,1.25620228173549,1.24627047187104,1.23129044974156,1.42374003221714,1.28482362047325,1.16312539028479,1.11013107995361,1.13336091623284,0.655457412212879,0,1.00044376658965,0.766529825557355,1.46346330779283,1.46933272928059,1.62091418392879,1.5032551394499,1.55472374770234,1.40121326039183,1.20185851282393,1.52535134817116,1.35752696238514,1.41873654887241
"Полякова 2020 Четыре всадника раздора",1.18183989934256,1.41680493216837,1.09900311942027,1.1933379236711,1.25769905074543,1.13480414853505,1.36375084812585,1.34573906226433,1.21373846703569,1.21178599176493,1.19841156060466,1.06137135567996,1.27536441664532,1.24054019564723,1.20115899853244,1.1840781549843,1.18463798152853,1.15005557004093,1.15618521339424,1.03188611719236,1.1010304773396,1.23776543645552,1.00987434223257,0.940624189211735,1.06278219417784,0.888844793677323,0.85039908325704,1.00044376658965,0,0.756216764358366,1.39777576502325,1.29431576902259,1.50861480289403,1.51677769041203,1.38088831199265,1.24274850878825,1.30506685959656,1.36081776120867,1.22377031193593,1.25923189067769
"Полякова 2012 Я смотрю на тебя издали",1.12517648842775,1.17109298734714,1.01370709869431,0.996998219038826,1.06456707887992,1.09426707912467,1.18474521499617,1.15194757781074,1.0644558176743,0.998570758903259,1.08458960518435,1.05642611626325,1.01303638227817,1.07309885395268,1.16699095972346,1.15580736480211,1.18239354477889,1.07297338670825,1.08366289743239,1.08962673227213,1.06592029218052,1.2580286928134,1.01750902178354,0.885538695940955,0.90497975758889,0.826787803219922,0.699359241458658,0.766529825557355,0.756216764358366,0,1.37008538926047,1.26467420848119,1.39955943427989,1.40447484712983,1.35964604862438,1.1884766518705,1.1420925449783,1.32740136439976,1.2033310359194,1.07692582271521
"Трауб 2012 Замочная скважина",1.29512073132891,1.35991259367369,1.34786303297882,1.27055805351258,1.33804270692415,1.32055922304842,1.33862754893897,1.3375902050584,1.28499568608472,1.32911131979138,1.39158314246261,1.36631250978208,1.30721933836623,1.27536215024447,1.48641185944991,1.36257789549311,1.2971802903078,1.37519503103114,1.32963903422514,1.32491710337221,1.09496130078,1.22411995880522,1.08847617883929,1.06073509522191,1.10358787984044,1.52670628531599,1.48181354854854,1.46346330779283,1.39777576502325,1.37008538926047,0,0.861068313690013,1.05572411762646,1.14266842638341,1.09548257844276,1.1005866469538,1.27594080514126,1.15597870745654,1.11112493818388,0.943758153509945
"Трауб 2010 Плохая мать",1.22014129628521,1.30848058683898,1.20655035949939,1.13586860150548,1.18760394335535,1.17550104729123,1.24823367048692,1.24428960324264,1.16294881742402,1.26124371773792,1.17927661109772,1.17134367576761,1.21485960553446,1.14820632861047,1.29178364219346,1.16130395333956,1.16732029907278,1.23873312705735,1.18904594557686,1.0971586087081,1.18611035434768,1.15514812323484,1.12338274502745,1.00959835772513,1.20067864231928,1.26669565685678,1.28647293572019,1.46933272928059,1.29431576902259,1.26467420848119,0.861068313690013,0,1.1053123880122,1.15765496162183,0.862452719710628,1.19394733585994,1.20265339686138,1.06064744449317,1.20710104561081,1.12784912955392
"Трауб 2021 Посмотри на меня",1.43840674872611,1.50073502444127,1.47206197434379,1.39439073012318,1.46796314744039,1.52227144119267,1.51251266988694,1.45563140711306,1.39239602084801,1.46456890782959,1.48889265951717,1.48385850797524,1.42255108286944,1.43569072845542,1.50633193111379,1.53127340590687,1.55076274019331,1.53864880238959,1.46778403019283,1.48124887256981,1.14456849985951,1.21275006903943,1.15469750104279,1.06432975008579,1.18014062738376,1.33165553512104,1.51213954754337,1.62091418392879,1.50861480289403,1.39955943427989,1.05572411762646,1.1053123880122,0,1.0506214493714,1.35793528098281,1.14219735277575,1.52270856615496,1.15220411213671,1.25639863493028,1.19710115772305
"Трауб 2016 Продаётся дом с дедушкой",1.39863353532567,1.53374634438889,1.34992308666061,1.42113113328873,1.38878730501899,1.44668121459292,1.46717945061452,1.40725936438937,1.30575818835496,1.28125193301512,1.29582478126364,1.48345485417764,1.48562295509654,1.42237823347246,1.59728336259826,1.42632338293251,1.63737928689761,1.51982563932123,1.51590406877976,1.48086921617949,1.12328868143858,1.31373070707634,1.19761742315512,1.09158575051335,1.15434089331758,1.47630461703719,1.3671515933202,1.5032551394499,1.51677769041203,1.40447484712983,1.14266842638341,1.15765496162183,1.0506214493714,0,1.36707249423187,1.17776357977615,1.3032949712407,1.08633712658735,1.16825820692911,1.27497457708715
"Трауб 2006 Собирайся, мы уезжаем",1.19971479814301,1.21403690795693,1.19087671923354,1.20384977130988,1.19713908619765,1.27356055648903,1.23252287512355,1.27197138996462,1.22930492020691,1.22109365080152,1.1963563978553,1.21093180784251,1.23856870670396,1.20453911398404,1.42079073733708,1.3148177617719,1.26786649742384,1.30058528255432,1.28071217496474,1.19360771528344,1.35419871328505,1.50251966389215,1.27587185230174,1.23583175477756,1.30887385947417,1.34468010988371,1.4078511943502,1.55472374770234,1.38088831199265,1.35964604862438,1.09548257844276,0.862452719710628,1.35793528098281,1.36707249423187,0,1.3193683119472,1.19325792675605,1.24302434887354,1.34263796354842,1.17357184012168
"Устинова 2003 Близкие люди",1.27971737867565,1.40915133655531,1.37748205976602,1.3156831646451,1.25241176725039,1.33645248766021,1.41960243979703,1.3246841884135,1.31524033665055,1.37982516605865,1.38352627580104,1.38338384876028,1.3803834134184,1.36450335424057,1.45436511884701,1.39652840902495,1.47538769414432,1.41065190684682,1.36315341251344,1.38875495298722,1.00073474849237,1.23528696751967,0.943437177067528,0.968880852542673,1.06639362172325,1.20715601086864,1.34414933877869,1.40121326039183,1.24274850878825,1.1884766518705,1.1005866469538,1.19394733585994,1.14219735277575,1.17776357977615,1.3193683119472,0,1.12078703962876,0.763990410127445,0.730277821917425,0.712429187818614
"Устинова 2021 Девчонки, я приехал",1.14838168424801,1.1520057118367,1.15699707911941,1.19831772404713,1.08230448861712,1.24680068591363,1.13043698933033,1.09637348799436,1.11926961257192,1.15626447087397,1.14145801385679,1.0924076040061,1.14924877386881,1.17537559823963,1.25450049258718,1.19828071648444,1.31310633074659,1.19932656624096,1.20134705879008,1.20634883975575,1.20520167048626,1.60840323195623,1.2169742005382,1.15638055413502,1.20778716155339,1.38704716633512,1.19791491563512,1.20185851282393,1.30506685959656,1.1420925449783,1.27594080514126,1.20265339686138,1.52270856615496,1.3032949712407,1.19325792675605,1.12078703962876,0,1.13437157668998,1.01585556052803,1.16734429608147
"Устинова 2008 Жизнь, по слухам, одна!",1.3053393323002,1.52592603718329,1.50232651179497,1.43137586041006,1.31817816275267,1.39503644042794,1.43579944629396,1.43277052744426,1.41142502836847,1.36417972544321,1.44875261661919,1.46988713120708,1.57802643914495,1.51451360130138,1.6101005041883,1.52413739124204,1.62559928862529,1.49290920886776,1.52664872049551,1.45320077103925,1.10357327518457,1.15507806111938,1.13429225895402,1.01684354807072,1.20890783579472,1.33041040494787,1.38460874943305,1.52535134817116,1.36081776120867,1.32740136439976,1.15597870745654,1.06064744449317,1.15220411213671,1.08633712658735,1.24302434887354,0.763990410127445,1.13437157668998,0,0.624868022098001,0.933400098123169
"Устинова 2012 Один день, одна ночь",1.26376605436633,1.38890850202059,1.2914710126274,1.30028898407391,1.20703164593657,1.2199396697483,1.31677544910081,1.25464624576481,1.2716902563748,1.27584253966311,1.37122838407326,1.2655448970797,1.38601409195183,1.38218770168413,1.48170579741083,1.36361330771785,1.43606814967647,1.31453781250866,1.32925829294762,1.27000132167569,1.08710052043741,1.20190159426532,1.07826183746441,1.0297815646841,1.08200464937396,1.41254246129878,1.29222091758724,1.35752696238514,1.22377031193593,1.2033310359194,1.11112493818388,1.20710104561081,1.25639863493028,1.16825820692911,1.34263796354842,0.730277821917425,1.01585556052803,0.624868022098001,0,0.851957030424519
"Устинова 1999 Персональный ангел",1.31296106375704,1.42198638726327,1.34978293072754,1.24355250425858,1.3529029231835,1.35911011152342,1.40693871082226,1.39111825657301,1.28246701486025,1.34201754084728,1.39934030331552,1.34609949530229,1.26523205117464,1.27614484012125,1.40884692553925,1.36008353210955,1.39220247838155,1.3622046306736,1.29136425829655,1.28200092378476,1.03143786469751,1.2130337992843,0.89327493846508,0.931690035820771,1.03530217317758,1.21330318841501,1.32286406357302,1.41873654887241,1.25923189067769,1.07692582271521,0.943758153509945,1.12784912955392,1.19710115772305,1.27497457708715,1.17357184012168,0.712429187818614,1.16734429608147,0.933400098123169,0.851957030424519,0
