"","Донцова 2002 Букет прекрасных дам","Донцова 1999 Дама с коготками","Донцова 2008 Инь, янь и всякая дрянь","Донцова 2012 Клеопатра с парашютом","Донцова 2001 Созвездие жадных псов","Донцова 2003 Микстура от косоглазия","Донцова 2000 Бассейн с крокодилами","Донцова 2000 Спят усталые игрушки","Донцова 2005 Муха в самолёте","Донцова 2006 Безумная кепка Мономаха","Донцова 2007 Зимнее лето весны","Донцова 2017 Астральное тело холостяка","Донцова 2009 Император деревни Гадюкино","Донцова 2010 Страстная ночь в зоопарке","Донцова 2022 Бегемот под майонезом","Донцова 2015 Шуры муры с призраком","Донцова 2011 Тормоза для блудного мужа","Донцова 2019 Бинокль для всевидящего ока","Донцова 2014 Самовар с шампанским","Донцова 2019 Гиблое место в ипотеку","Маринина 2013 Оборванные нити. Том 3","Маринина 2007 Всё не так","Маринина 1995 Смерть ради смерти","Маринина 2000 Седьмая жертва","Маринина 2021 Отдалённые последствия. Том 1","Полякова 2008 Испанская легенда","Полякова 1999 Капкан на спонсора","Полякова 2001 Неопознанный ходячий объект","Полякова 2020 Четыре всадника раздора","Полякова 2012 Я смотрю на тебя издали","Трауб 2012 Замочная скважина","Трауб 2010 Плохая мать","Трауб 2021 Посмотри на меня","Трауб 2016 Продаётся дом с дедушкой","Трауб 2006 Собирайся, мы уезжаем","Устинова 2003 Близкие люди","Устинова 2021 Девчонки, я приехал","Устинова 2008 Жизнь, по слухам, одна!","Устинова 2012 Один день, одна ночь","Устинова 1999 Персональный ангел"
"Донцова 2002 Букет прекрасных дам",0,0.790642047036689,0.756069433039046,0.765839856412877,0.793247586800505,0.682435385075801,0.817415500240251,0.693490990803257,0.704132134573033,0.79981944236365,0.789382135062496,0.790707327822094,0.798356651677452,0.850852024065076,0.863345578144871,0.909554694660839,0.835603954164116,0.896506401906739,0.913582640401209,0.848709200219629,1.11609819962895,1.28969755044801,1.15088291203301,1.07527643015635,1.08041321334463,1.2503194778875,1.15712200511749,1.27667907824626,1.11153999564749,1.17444730590599,1.12686948328899,1.17249409935705,1.34586407536888,1.38750520461036,1.20767443233321,1.25229345914625,1.08777705372621,1.2166923205912,1.11669828595695,1.25296070237697
"Донцова 1999 Дама с коготками",0.790642047036689,0,0.821856741652903,0.868817756104975,0.683259563293282,0.847285251392207,0.598322323636658,0.578419579852338,0.809646189909335,0.743937594334643,0.86825433281421,0.819160217700071,0.893507983097301,0.969987522395275,0.924872418317533,1.03640631691447,0.966059157929931,1.04818112913702,1.06258494800624,0.978074463266741,1.17599469982449,1.38472668810204,1.25263296461613,1.21200876881131,1.10484348260328,1.18539672908314,1.13116371100479,1.07582285145184,1.2196189978447,1.17668495581941,1.17987875016619,1.15548822036611,1.42126320784882,1.40949303198515,1.17721235348758,1.27388236378943,1.03880900673196,1.19024770425987,1.12178525294774,1.212760359169
"Донцова 2008 Инь, янь и всякая дрянь",0.756069433039046,0.821856741652903,0,0.582645570234242,0.784939931089759,0.75548966668886,0.881566143720178,0.778674928726412,0.668195526269291,0.637901010487617,0.600369579583741,0.695334300302414,0.561580731318433,0.640664307138591,0.78955640519311,0.697015314943184,0.675705645024325,0.716839064388204,0.684861266091393,0.7215208180937,1.16916113092957,1.36432139770873,1.10270624807512,1.09084596682629,1.06254717290502,1.29974711104191,1.02068622670788,1.12041575402301,1.14536686582714,1.0850017144296,1.2402691265349,1.26158853808229,1.43300162906968,1.36023592620906,1.27722166972379,1.30691266354263,1.16844245387828,1.32039398620667,1.19361949110031,1.24260590293082
"Донцова 2012 Клеопатра с парашютом",0.765839856412877,0.868817756104975,0.582645570234242,0,0.819378467466974,0.787501232015051,0.950005108032019,0.768504927492668,0.723474850860328,0.649619096136763,0.723139652384696,0.688999725623786,0.495295258116643,0.603745130701888,0.790766475523091,0.66806731431,0.581792021418939,0.75595368809418,0.619552874004438,0.727172486495168,1.10449693887929,1.35019895917929,1.1894310142078,1.16143762491887,1.15432500502908,1.28928400848722,1.16151007323617,1.13416271988773,1.160626871147,1.02303808238445,1.19417231767402,1.18813278857373,1.49109249877995,1.42322656260115,1.20743866616726,1.33699650866675,1.1673022868648,1.29078729504966,1.19645592023106,1.20402100873941
"Донцова 2001 Созвездие жадных псов",0.793247586800505,0.683259563293282,0.784939931089759,0.819378467466974,0,0.749792097123089,0.74357071702017,0.682472395417376,0.667401218179149,0.687691299649786,0.755730098203092,0.842476631976794,0.855169076692796,0.876803591638413,1.00335282779512,0.980149716941149,0.989410301005468,0.970834435064197,1.04829251781151,0.958332658600176,1.22266638780665,1.43320048732673,1.27363169733338,1.22986008315338,1.15571174551089,1.33090995381679,1.14808298902198,1.09646785045202,1.23814012164779,1.11670557327445,1.28594181805238,1.25815661213078,1.57156641045218,1.4103030669057,1.20563865490808,1.341487924476,0.981962599639881,1.20903778245387,1.10202934184717,1.41294724685342
"Донцова 2003 Микстура от косоглазия",0.682435385075801,0.847285251392207,0.75548966668886,0.787501232015051,0.749792097123089,0,0.874858243130324,0.813302137945199,0.657739132981867,0.788162152411319,0.707500477524455,0.845206971099079,0.955069808217717,0.968583371840233,0.9109785004008,0.8660808068941,0.97489494040775,0.84937956031549,0.897128120346396,0.827308487070416,1.28227959419016,1.40941833771816,1.28022737412635,1.26196902939394,1.2062371640397,1.34313604515932,1.1393505985194,1.20104536079589,1.18558332817341,1.18487887436385,1.31386381537413,1.2486223957262,1.59793418941277,1.51017760698196,1.27006409711309,1.36497413104405,1.19417004491984,1.37595960131044,1.20092685557019,1.40765115115403
"Донцова 2000 Бассейн с крокодилами",0.817415500240251,0.598322323636658,0.881566143720178,0.950005108032019,0.74357071702017,0.874858243130324,0,0.508711134934485,0.86856118753032,0.754522685806705,0.900550502913585,0.932782940859974,0.945110364238477,0.939206238188844,1.07745779614614,1.10735990693578,0.979437847476496,1.01896602361642,1.14657585846409,1.01831985503111,1.20137135094568,1.48268838770015,1.35584367849136,1.29751523649003,1.12427557864269,1.3447041356942,1.19434200926948,1.12579787459269,1.26422545870958,1.22589558057658,1.27318638249256,1.21302765535873,1.40626568163667,1.43228536176413,1.26251446727562,1.3319595736309,1.10716268277032,1.25138147144447,1.18772882485012,1.3251218075678
"Донцова 2000 Спят усталые игрушки",0.693490990803257,0.578419579852338,0.778674928726412,0.768504927492668,0.682472395417376,0.813302137945199,0.508711134934485,0,0.80527338387956,0.651298809423684,0.862460820729157,0.867825443453067,0.82191552417693,0.881776537015416,0.989426303301482,0.99284323715646,0.835757441765977,0.955253632174716,1.00959324043178,0.962645540864651,1.16797094505288,1.44883886376143,1.26084745231577,1.1807871193135,1.11921462118561,1.31121268070747,1.17963496567177,1.1203214841724,1.22470264295792,1.1685664266043,1.18341062208275,1.19215283738243,1.39771092688294,1.41727174565152,1.23200078157657,1.28248783350733,1.00141400501118,1.18313097807079,1.07490190156633,1.24458792669908
"Донцова 2005 Муха в самолёте",0.704132134573033,0.809646189909335,0.668195526269291,0.723474850860328,0.667401218179149,0.657739132981867,0.86856118753032,0.80527338387956,0,0.696799962736196,0.558167832827306,0.84631098507101,0.711629093662386,0.746292085838095,0.91589947922792,0.877622865010508,0.88937344010925,0.956309358244664,0.922184620331916,0.956544820558527,1.18772600183161,1.31987450987024,1.19739559500589,1.22369411543338,1.14958701776529,1.21928517789957,1.04789811242496,1.09666955957448,1.20070694390359,1.02507922881619,1.25999394705112,1.19252521970301,1.42579391793394,1.3706278507102,1.24881567278852,1.35550727362213,1.06832198052267,1.3078828570886,1.26676696301984,1.33919899530905
"Донцова 2006 Безумная кепка Мономаха",0.79981944236365,0.743937594334643,0.637901010487617,0.649619096136763,0.687691299649786,0.788162152411319,0.754522685806705,0.651298809423684,0.696799962736196,0,0.641872026121319,0.802583779547877,0.682986922259572,0.741391042449217,0.955009308006345,0.856499394065206,0.840087222031534,0.894097358705838,0.869926279089082,0.94338450921773,1.13162441784307,1.42825290644936,1.29862892424359,1.24167431696251,1.13439945296051,1.25605730159438,1.19683435708822,1.13839276288553,1.2280506412087,1.06286148821688,1.26258718284277,1.25039466909884,1.44999420356164,1.36560903636125,1.20474927349263,1.34998537203935,1.09756668755578,1.21715702262955,1.13095066355098,1.33432888223924
"Донцова 2007 Зимнее лето весны",0.789382135062496,0.86825433281421,0.600369579583741,0.723139652384696,0.755730098203092,0.707500477524455,0.900550502913585,0.862460820729157,0.558167832827306,0.641872026121319,0,0.831855541954499,0.619753053788539,0.755642494414126,0.915082219793792,0.818345292263633,0.880032355878737,0.880598877295899,0.824561739689929,0.918164429757563,1.28930538035202,1.45477156961107,1.30446348037485,1.33308916380907,1.24224789295332,1.35393253092925,1.05059906970806,1.15990114393166,1.23925111382937,1.13679820511316,1.38468628074683,1.30293274419729,1.60533959073711,1.51569823444657,1.29304018403699,1.39014868939357,1.15040587334735,1.44576064599256,1.28888398798805,1.46598633347286
"Донцова 2017 Астральное тело холостяка",0.790707327822094,0.819160217700071,0.695334300302414,0.688999725623786,0.842476631976794,0.845206971099079,0.932782940859974,0.867825443453067,0.84631098507101,0.802583779547877,0.831855541954499,0,0.757694042451565,0.769252954821701,0.75846217016438,0.710455633510902,0.769659772401139,0.731959167875325,0.770614104005499,0.661108396204458,1.10440844513909,1.38769509746712,1.09749276603798,1.09662535913213,1.1039002815512,1.15547160570626,1.15900340281781,1.08137244592409,1.09685763622337,1.13840083540607,1.26123102910147,1.06960495956793,1.43052880304407,1.43618221263466,1.16244331090007,1.3065783112133,1.06358389874338,1.29395794335865,1.08962643549346,1.26031080126424
"Донцова 2009 Император деревни Гадюкино",0.798356651677452,0.893507983097301,0.561580731318433,0.495295258116643,0.855169076692796,0.955069808217717,0.945110364238477,0.82191552417693,0.711629093662386,0.682986922259572,0.619753053788539,0.757694042451565,0,0.561404005034536,0.841175086522325,0.708107043946489,0.580782232504326,0.809550171267506,0.698530571351988,0.857329125248551,1.15832658729932,1.46468443164589,1.19303295246097,1.25976269962821,1.18032937966614,1.28587536409629,1.13513923695359,1.12895609317048,1.20330043045214,1.0554809890431,1.18610104059629,1.20359742842508,1.47397424956506,1.5219941585687,1.24601019001991,1.33628353964067,1.13808523382269,1.38100369314597,1.29764926090111,1.29869252218533
"Донцова 2010 Страстная ночь в зоопарке",0.850852024065076,0.969987522395275,0.640664307138591,0.603745130701888,0.876803591638413,0.968583371840233,0.939206238188844,0.881776537015416,0.746292085838095,0.741391042449217,0.755642494414126,0.769252954821701,0.561404005034536,0,0.710744673499999,0.740265944065542,0.636428266847069,0.741096253571572,0.662730173888071,0.778077316388875,1.12275072204274,1.47337853060602,1.15609217940839,1.20008107454898,1.15949940883368,1.32868987979224,1.19606435283267,1.19268233793813,1.22201943422329,1.10736732385603,1.20990643990194,1.10971662545834,1.38916824942061,1.43825300690578,1.23485828982322,1.30470448171856,1.11834836236825,1.35894334045691,1.28248981115079,1.25856250859207
"Донцова 2022 Бегемот под майонезом",0.863345578144871,0.924872418317533,0.78955640519311,0.790766475523091,1.00335282779512,0.9109785004008,1.07745779614614,0.989426303301482,0.91589947922792,0.955009308006345,0.915082219793792,0.75846217016438,0.841175086522325,0.710744673499999,0,0.651884620137441,0.858605222341431,0.754266913398925,0.748100343752657,0.586649402845457,1.12913798171163,1.34936488566738,1.14588656262221,1.21506209144609,1.22824623588194,1.21900474397783,1.14182948297604,1.31491777300278,1.18248355756582,1.17060327501736,1.37374782615739,1.20293722603517,1.45250825771404,1.50994069985471,1.3826414412797,1.37125139330502,1.20181722866963,1.45753106248593,1.35990871388049,1.32618251055552
"Донцова 2015 Шуры муры с призраком",0.909554694660839,1.03640631691447,0.697015314943184,0.66806731431,0.980149716941149,0.8660808068941,1.10735990693578,0.99284323715646,0.877622865010508,0.856499394065206,0.818345292263633,0.710455633510902,0.708107043946489,0.740265944065542,0.651884620137441,0,0.69468148877067,0.639500647658619,0.599617375875251,0.63120448111228,1.25028913962684,1.43312470576991,1.16312073158318,1.23767460193015,1.184222288684,1.42489104007405,1.19725216489965,1.20283386240311,1.23877283730018,1.20356718165547,1.27108419393931,1.13387898299385,1.60307668738168,1.44999120050402,1.27920796810592,1.3671068848316,1.12867329179481,1.38037768076806,1.31742066343375,1.29914822554708
"Донцова 2011 Тормоза для блудного мужа",0.835603954164116,0.966059157929931,0.675705645024325,0.581792021418939,0.989410301005468,0.97489494040775,0.979437847476496,0.835757441765977,0.88937344010925,0.840087222031534,0.880032355878737,0.769659772401139,0.580782232504326,0.636428266847069,0.858605222341431,0.69468148877067,0,0.826512787277316,0.642672265336075,0.734518146856505,1.22187414328991,1.50260176691083,1.26890487386643,1.25928682383375,1.20799959932773,1.41763953278013,1.31812131294612,1.24857952256795,1.19852174275442,1.19624930718441,1.23385929069589,1.13370150772209,1.40282369065424,1.49718671079705,1.24840276568259,1.42846048691507,1.20895773472646,1.41789760520022,1.29770740592918,1.31535777577932
"Донцова 2019 Бинокль для всевидящего ока",0.896506401906739,1.04818112913702,0.716839064388204,0.75595368809418,0.970834435064197,0.84937956031549,1.01896602361642,0.955253632174716,0.956309358244664,0.894097358705838,0.880598877295899,0.731959167875325,0.809550171267506,0.741096253571572,0.754266913398925,0.639500647658619,0.826512787277316,0,0.625961290392813,0.659523115285773,1.21303622134485,1.47745665297095,1.22133586861762,1.23262172906572,1.19053608858412,1.43320682635257,1.19968557956485,1.23172872437224,1.24041605237734,1.19221373993658,1.32362196799006,1.28673693035552,1.56504110732146,1.55133463936445,1.28664598747516,1.35641781207088,1.17707066585519,1.38870448850696,1.27731181542182,1.2949080080885
"Донцова 2014 Самовар с шампанским",0.913582640401209,1.06258494800624,0.684861266091393,0.619552874004438,1.04829251781151,0.897128120346396,1.14657585846409,1.00959324043178,0.922184620331916,0.869926279089082,0.824561739689929,0.770614104005499,0.698530571351988,0.662730173888071,0.748100343752657,0.599617375875251,0.642672265336075,0.625961290392813,0,0.744116185173101,1.26846220835728,1.50751618649275,1.23832567428501,1.27221878625009,1.25972347605338,1.42320167458979,1.2634479397117,1.2883435654462,1.21589891777302,1.20674305001418,1.31655861551503,1.28402279247682,1.59267550282282,1.48652521846913,1.38255727401341,1.44708015747789,1.27106174061952,1.47428376667755,1.35242438979629,1.32854834445073
"Донцова 2019 Гиблое место в ипотеку",0.848709200219629,0.978074463266741,0.7215208180937,0.727172486495168,0.958332658600176,0.827308487070416,1.01831985503111,0.962645540864651,0.956544820558527,0.94338450921773,0.918164429757563,0.661108396204458,0.857329125248551,0.778077316388875,0.586649402845457,0.63120448111228,0.734518146856505,0.659523115285773,0.744116185173101,0,1.15200128533634,1.34800166328147,1.07132565197977,1.01969859100504,1.13909173989173,1.25297563218722,1.09178101876032,1.15620592205432,1.05093101674703,1.06498503670733,1.26983041161486,1.11051433697791,1.45502044243177,1.50642373788527,1.19676807116545,1.31891623172879,1.15752707162243,1.33065418594511,1.15236990707973,1.27334196035596
"Маринина 2013 Оборванные нити. Том 3",1.11609819962895,1.17599469982449,1.16916113092957,1.10449693887929,1.22266638780665,1.28227959419016,1.20137135094568,1.16797094505288,1.18772600183161,1.13162441784307,1.28930538035202,1.10440844513909,1.15832658729932,1.12275072204274,1.12913798171163,1.25028913962684,1.22187414328991,1.21303622134485,1.26846220835728,1.15200128533634,0,0.968538610513214,0.79958074046306,0.738949871995988,0.720992826352089,1.09079880359877,1.08917210419622,1.20428939738247,1.11459198240854,1.08391296362387,1.02215306234943,1.00412756126631,1.09139604069545,0.991111538430706,1.15271231608352,1.0526609436747,1.06595806253337,0.877218195057139,1.01828141182734,0.924611196387386
"Маринина 2007 Всё не так",1.28969755044801,1.38472668810204,1.36432139770873,1.35019895917929,1.43320048732673,1.40941833771816,1.48268838770015,1.44883886376143,1.31987450987024,1.42825290644936,1.45477156961107,1.38769509746712,1.46468443164589,1.47337853060602,1.34936488566738,1.43312470576991,1.50260176691083,1.47745665297095,1.50751618649275,1.34800166328147,0.968538610513214,0,1.09711786972141,0.973786587493828,0.870764651764514,1.21741918732066,1.25292442670757,1.41151321265306,1.26762563587818,1.24674965118396,1.24982476127863,1.19492798209192,1.32427642434603,1.1749237998694,1.45339376800003,1.36194854856288,1.47151859101675,1.17433025481259,1.24548228688812,1.2639388632925
"Маринина 1995 Смерть ради смерти",1.15088291203301,1.25263296461613,1.10270624807512,1.1894310142078,1.27363169733338,1.28022737412635,1.35584367849136,1.26084745231577,1.19739559500589,1.29862892424359,1.30446348037485,1.09749276603798,1.19303295246097,1.15609217940839,1.14588656262221,1.16312073158318,1.26890487386643,1.22133586861762,1.23832567428501,1.07132565197977,0.79958074046306,1.09711786972141,0,0.816551718771049,0.79975943829215,0.964418481370311,1.08484257922593,1.25906312059794,1.0449256067805,1.03416724959857,1.20238341929793,1.02703695376949,1.1734207322051,1.23303153822941,1.2110715336582,0.988264011309593,1.2265968606403,1.12315594721363,1.17563389615033,0.9216523271818
"Маринина 2000 Седьмая жертва",1.07527643015635,1.21200876881131,1.09084596682629,1.16143762491887,1.22986008315338,1.26196902939394,1.29751523649003,1.1807871193135,1.22369411543338,1.24167431696251,1.33308916380907,1.09662535913213,1.25976269962821,1.20008107454898,1.21506209144609,1.23767460193015,1.25928682383375,1.23262172906572,1.27221878625009,1.01969859100504,0.738949871995988,0.973786587493828,0.816551718771049,0,0.764627714228352,1.041818891018,0.981559092120112,1.20436172011828,1.02743706600776,0.97870045024162,1.13053340634615,0.995644025099182,1.11520485943606,1.0584632818023,1.20328873885174,1.1280425799086,1.08423303645065,0.983407035389015,0.928321091766016,1.03070737263108
"Маринина 2021 Отдалённые последствия. Том 1",1.08041321334463,1.10484348260328,1.06254717290502,1.15432500502908,1.15571174551089,1.2062371640397,1.12427557864269,1.11921462118561,1.14958701776529,1.13439945296051,1.24224789295332,1.1039002815512,1.18032937966614,1.15949940883368,1.22824623588194,1.184222288684,1.20799959932773,1.19053608858412,1.25972347605338,1.13909173989173,0.720992826352089,0.870764651764514,0.79975943829215,0.764627714228352,0,1.10016043235024,1.05126268999195,1.09481122512603,0.998318964214816,0.96695789515481,1.01509075368554,1.08488383745373,1.19901181404297,1.0287591077709,1.22683400221041,1.0084369232933,1.11660163782436,0.969467432975289,0.973037101302459,0.839197627283505
"Полякова 2008 Испанская легенда",1.2503194778875,1.18539672908314,1.29974711104191,1.28928400848722,1.33090995381679,1.34313604515932,1.3447041356942,1.31121268070747,1.21928517789957,1.25605730159438,1.35393253092925,1.15547160570626,1.28587536409629,1.32868987979224,1.21900474397783,1.42489104007405,1.41763953278013,1.43320682635257,1.42320167458979,1.25297563218722,1.09079880359877,1.21741918732066,0.964418481370311,1.041818891018,1.10016043235024,0,0.978801466292047,1.11353246636092,0.84401885645085,0.825836659085477,1.49150254833775,1.20706664906372,1.21326182502201,1.44725118087035,1.3179506063155,1.20168284062191,1.34029361142174,1.26876591612456,1.3056026228964,1.16082391069109
"Полякова 1999 Капкан на спонсора",1.15712200511749,1.13116371100479,1.02068622670788,1.16151007323617,1.14808298902198,1.1393505985194,1.19434200926948,1.17963496567177,1.04789811242496,1.19683435708822,1.05059906970806,1.15900340281781,1.13513923695359,1.19606435283267,1.14182948297604,1.19725216489965,1.31812131294612,1.19968557956485,1.2634479397117,1.09178101876032,1.08917210419622,1.25292442670757,1.08484257922593,0.981559092120112,1.05126268999195,0.978801466292047,0,0.867467388458795,0.902537453114546,0.817333462592004,1.44089546726887,1.25815096092769,1.54324923157129,1.42367469076834,1.41554195587904,1.34291970970218,1.20793383547406,1.30364132954163,1.23235378108214,1.29990056227348
"Полякова 2001 Неопознанный ходячий объект",1.27667907824626,1.07582285145184,1.12041575402301,1.13416271988773,1.09646785045202,1.20104536079589,1.12579787459269,1.1203214841724,1.09666955957448,1.13839276288553,1.15990114393166,1.08137244592409,1.12895609317048,1.19268233793813,1.31491777300278,1.20283386240311,1.24857952256795,1.23172872437224,1.2883435654462,1.15620592205432,1.20428939738247,1.41151321265306,1.25906312059794,1.20436172011828,1.09481122512603,1.11353246636092,0.867467388458795,0,0.979051553035019,0.847412781891025,1.32328661169025,1.23977556194601,1.61005641095608,1.51886003432159,1.39588659680981,1.37339999235624,1.10955811687184,1.37681456128686,1.28219255756116,1.22050752656497
"Полякова 2020 Четыре всадника раздора",1.11153999564749,1.2196189978447,1.14536686582714,1.160626871147,1.23814012164779,1.18558332817341,1.26422545870958,1.22470264295792,1.20070694390359,1.2280506412087,1.23925111382937,1.09685763622337,1.20330043045214,1.22201943422329,1.18248355756582,1.23877283730018,1.19852174275442,1.24041605237734,1.21589891777302,1.05093101674703,1.11459198240854,1.26762563587818,1.0449256067805,1.02743706600776,0.998318964214816,0.84401885645085,0.902537453114546,0.979051553035019,0,0.689337406523424,1.34465735869675,1.21723657400656,1.50223233135393,1.43755968469253,1.30349165745101,1.2550390846609,1.18339276020113,1.33433772101633,1.20141652130138,1.20665804119975
"Полякова 2012 Я смотрю на тебя издали",1.17444730590599,1.17668495581941,1.0850017144296,1.02303808238445,1.11670557327445,1.18487887436385,1.22589558057658,1.1685664266043,1.02507922881619,1.06286148821688,1.13679820511316,1.13840083540607,1.0554809890431,1.10736732385603,1.17060327501736,1.20356718165547,1.19624930718441,1.19221373993658,1.20674305001418,1.06498503670733,1.08391296362387,1.24674965118396,1.03416724959857,0.97870045024162,0.96695789515481,0.825836659085477,0.817333462592004,0.847412781891025,0.689337406523424,0,1.33393412538743,1.25212675901543,1.44829810708846,1.3812724890962,1.3551970095267,1.30835262293786,1.14127883450136,1.26437366404149,1.21604689650706,1.1213653509615
"Трауб 2012 Замочная скважина",1.12686948328899,1.17987875016619,1.2402691265349,1.19417231767402,1.28594181805238,1.31386381537413,1.27318638249256,1.18341062208275,1.25999394705112,1.26258718284277,1.38468628074683,1.26123102910147,1.18610104059629,1.20990643990194,1.37374782615739,1.27108419393931,1.23385929069589,1.32362196799006,1.31655861551503,1.26983041161486,1.02215306234943,1.24982476127863,1.20238341929793,1.13053340634615,1.01509075368554,1.49150254833775,1.44089546726887,1.32328661169025,1.34465735869675,1.33393412538743,0,0.82305639289101,1.2273698442058,1.17653055262788,0.994989450325627,1.16329319248706,1.19846685197483,1.05963336643396,1.03802452314266,0.980159206076724
"Трауб 2010 Плохая мать",1.17249409935705,1.15548822036611,1.26158853808229,1.18813278857373,1.25815661213078,1.2486223957262,1.21302765535873,1.19215283738243,1.19252521970301,1.25039466909884,1.30293274419729,1.06960495956793,1.20359742842508,1.10971662545834,1.20293722603517,1.13387898299385,1.13370150772209,1.28673693035552,1.28402279247682,1.11051433697791,1.00412756126631,1.19492798209192,1.02703695376949,0.995644025099182,1.08488383745373,1.20706664906372,1.25815096092769,1.23977556194601,1.21723657400656,1.25212675901543,0.82305639289101,0,1.07917995825092,1.22287592946483,0.860360768833086,1.12493725724929,1.09597579933438,1.06597753027285,1.07862255569066,1.05342911641259
"Трауб 2021 Посмотри на меня",1.34586407536888,1.42126320784882,1.43300162906968,1.49109249877995,1.57156641045218,1.59793418941277,1.40626568163667,1.39771092688294,1.42579391793394,1.44999420356164,1.60533959073711,1.43052880304407,1.47397424956506,1.38916824942061,1.45250825771404,1.60307668738168,1.40282369065424,1.56504110732146,1.59267550282282,1.45502044243177,1.09139604069545,1.32427642434603,1.1734207322051,1.11520485943606,1.19901181404297,1.21326182502201,1.54324923157129,1.61005641095608,1.50223233135393,1.44829810708846,1.2273698442058,1.07917995825092,0,1.11432545079905,1.28996441579213,1.20260157119038,1.43990377967079,1.17764577468369,1.32650418310178,1.17714031429103
"Трауб 2016 Продаётся дом с дедушкой",1.38750520461036,1.40949303198515,1.36023592620906,1.42322656260115,1.4103030669057,1.51017760698196,1.43228536176413,1.41727174565152,1.3706278507102,1.36560903636125,1.51569823444657,1.43618221263466,1.5219941585687,1.43825300690578,1.50994069985471,1.44999120050402,1.49718671079705,1.55133463936445,1.48652521846913,1.50642373788527,0.991111538430706,1.1749237998694,1.23303153822941,1.0584632818023,1.0287591077709,1.44725118087035,1.42367469076834,1.51886003432159,1.43755968469253,1.3812724890962,1.17653055262788,1.22287592946483,1.11432545079905,0,1.47575067522514,1.16650210934345,1.22646009460714,1.02329528933956,1.15482926330315,1.18786432819447
"Трауб 2006 Собирайся, мы уезжаем",1.20767443233321,1.17721235348758,1.27722166972379,1.20743866616726,1.20563865490808,1.27006409711309,1.26251446727562,1.23200078157657,1.24881567278852,1.20474927349263,1.29304018403699,1.16244331090007,1.24601019001991,1.23485828982322,1.3826414412797,1.27920796810592,1.24840276568259,1.28664598747516,1.38255727401341,1.19676807116545,1.15271231608352,1.45339376800003,1.2110715336582,1.20328873885174,1.22683400221041,1.3179506063155,1.41554195587904,1.39588659680981,1.30349165745101,1.3551970095267,0.994989450325627,0.860360768833086,1.28996441579213,1.47575067522514,0,1.39059323561703,1.1466418313403,1.19921763962253,1.22294044175676,1.25347853753624
"Устинова 2003 Близкие люди",1.25229345914625,1.27388236378943,1.30691266354263,1.33699650866675,1.341487924476,1.36497413104405,1.3319595736309,1.28248783350733,1.35550727362213,1.34998537203935,1.39014868939357,1.3065783112133,1.33628353964067,1.30470448171856,1.37125139330502,1.3671068848316,1.42846048691507,1.35641781207088,1.44708015747789,1.31891623172879,1.0526609436747,1.36194854856288,0.988264011309593,1.1280425799086,1.0084369232933,1.20168284062191,1.34291970970218,1.37339999235624,1.2550390846609,1.30835262293786,1.16329319248706,1.12493725724929,1.20260157119038,1.16650210934345,1.39059323561703,0,1.09924618700661,0.878657533222079,0.915483660341182,0.910863295565985
"Устинова 2021 Девчонки, я приехал",1.08777705372621,1.03880900673196,1.16844245387828,1.1673022868648,0.981962599639881,1.19417004491984,1.10716268277032,1.00141400501118,1.06832198052267,1.09756668755578,1.15040587334735,1.06358389874338,1.13808523382269,1.11834836236825,1.20181722866963,1.12867329179481,1.20895773472646,1.17707066585519,1.27106174061952,1.15752707162243,1.06595806253337,1.47151859101675,1.2265968606403,1.08423303645065,1.11660163782436,1.34029361142174,1.20793383547406,1.10955811687184,1.18339276020113,1.14127883450136,1.19846685197483,1.09597579933438,1.43990377967079,1.22646009460714,1.1466418313403,1.09924618700661,0,0.907803615827386,0.906146777475186,1.09006230067796
"Устинова 2008 Жизнь, по слухам, одна!",1.2166923205912,1.19024770425987,1.32039398620667,1.29078729504966,1.20903778245387,1.37595960131044,1.25138147144447,1.18313097807079,1.3078828570886,1.21715702262955,1.44576064599256,1.29395794335865,1.38100369314597,1.35894334045691,1.45753106248593,1.38037768076806,1.41789760520022,1.38870448850696,1.47428376667755,1.33065418594511,0.877218195057139,1.17433025481259,1.12315594721363,0.983407035389015,0.969467432975289,1.26876591612456,1.30364132954163,1.37681456128686,1.33433772101633,1.26437366404149,1.05963336643396,1.06597753027285,1.17764577468369,1.02329528933956,1.19921763962253,0.878657533222079,0.907803615827386,0,0.745451970128802,0.930912475027065
"Устинова 2012 Один день, одна ночь",1.11669828595695,1.12178525294774,1.19361949110031,1.19645592023106,1.10202934184717,1.20092685557019,1.18772882485012,1.07490190156633,1.26676696301984,1.13095066355098,1.28888398798805,1.08962643549346,1.29764926090111,1.28248981115079,1.35990871388049,1.31742066343375,1.29770740592918,1.27731181542182,1.35242438979629,1.15236990707973,1.01828141182734,1.24548228688812,1.17563389615033,0.928321091766016,0.973037101302459,1.3056026228964,1.23235378108214,1.28219255756116,1.20141652130138,1.21604689650706,1.03802452314266,1.07862255569066,1.32650418310178,1.15482926330315,1.22294044175676,0.915483660341182,0.906146777475186,0.745451970128802,0,1.00797428149624
"Устинова 1999 Персональный ангел",1.25296070237697,1.212760359169,1.24260590293082,1.20402100873941,1.41294724685342,1.40765115115403,1.3251218075678,1.24458792669908,1.33919899530905,1.33432888223924,1.46598633347286,1.26031080126424,1.29869252218533,1.25856250859207,1.32618251055552,1.29914822554708,1.31535777577932,1.2949080080885,1.32854834445073,1.27334196035596,0.924611196387386,1.2639388632925,0.9216523271818,1.03070737263108,0.839197627283505,1.16082391069109,1.29990056227348,1.22050752656497,1.20665804119975,1.1213653509615,0.980159206076724,1.05342911641259,1.17714031429103,1.18786432819447,1.25347853753624,0.910863295565985,1.09006230067796,0.930912475027065,1.00797428149624,0
